[gd_scene load_steps=7 format=2]

[ext_resource path="res://env/default_env.tres" type="Environment" id=1]
[ext_resource path="" type="PackedScene" id=2]

[sub_resource type="PlaneMesh" id=1]
size = Vector2( 128, 128 )
subdivide_width = 4
subdivide_depth = 4

[sub_resource type="BoxMesh" id=2]
size = Vector3( 10, 10, 2 )

[sub_resource type="SphereMesh" id=3]

[sub_resource type="PackedScene" id=4]
_bundled = {
"conn_count": 0,
"conns": PackedInt32Array(  ),
"editable_instances": [  ],
"names": PackedStringArray( "CameraControl", "CameraControl", "pause_mode", "script", "Camera3D", "Camera3D", "transform", "cull_mask", "script", "MeshInstance3D", "MeshInstance3D", "transform", "layers", "mesh", "material/0", "script" ),
"node_count": 3,
"node_paths": [ NodePath("."), NodePath(".") ],
"nodes": PackedInt32Array( -1, -1, 1, 0, -1, 2, 2, 0, 3, 1, 0, 1073741824, 0, 5, 4, -1, 3, 6, 2, 7, 3, 8, 4, 0, 1073741825, 0, 10, 9, -1, 5, 11, 5, 12, 6, 13, 7, 14, 8, 15, 9, 0 ),
"variants": [ 2, null, Transform( 1, 0, 0, 0, 0.831867, 0.554975, 0, -0.554975, 0.831867, 0, 5.4694, 5.38018 ), 524287, null, Transform( 1, 0, 0, 0, 0.831867, 0.554975, 0, -0.554975, 0.831867, 0, 0, 0 ), 524288, SubResource( 3 ), null, null ],
"version": 2
}

[node name="root" type="Node"]
script = null

[node name="3dWorld" type="Node3D" parent="."]
script = null

[node name="Navigation3D" type="Navigation3D" parent="3dWorld"]
script = null

[node name="base_plane" type="MeshInstance3D" parent="3dWorld/Navigation3D"]
transform = Transform( 1, 0, 0, 0, 1, 0, 0, 0, 1, -0.103445, -4.76837e-07, -0.0162954 )
mesh = SubResource( 1 )
material/0 = null
script = null

[node name="wall" type="MeshInstance3D" parent="3dWorld/Navigation3D/base_plane"]
transform = Transform( 1, 0, 0, 0, 1, 0, 0, 0, 1, 1.32222, 4.64983, -12.3433 )
mesh = SubResource( 2 )
material/0 = null
script = null

[node name="CameraControl" parent="3dWorld" instance=ExtResource( 2 )]
process_priority = 1

[node name="WorldEnvironment" type="WorldEnvironment" parent="."]
environment = ExtResource( 1 )
script = null

[node name="lighting" type="Node" parent="."]
script = null

[node name="DirectionalLight3D" type="DirectionalLight3D" parent="lighting"]
transform = Transform( 1, 0, 0, 0, 0.620409, 0.784279, 0, -0.784279, 0.620409, 0, 6.78518, 0 )
light_bake_mode = 2
light_cull_mask = 4293951487
directional_shadow_mode = 0
directional_shadow_depth_range = 1
script = null
